
============= Learning Curve ===================
Evaluating iPod Nano: Which aspect?
num_features, accuracy%,
5 , 61.85
10 , 78.78
15 , 73.59
20 , 71.56
25 , 70.20
30 , 67.04
35 , 62.75
40 , 60.50
45 , 59.14
50 , 60.27
55 , 58.47
60 , 56.88
65 , 56.43
70 , 53.50
75 , 52.82
80 , 51.92
85 , 51.92
90 , 51.24
95 , 52.60
100 , 53.27

============= Learning Curve ===================
Evaluating Hotels: San Francisco or Chicago?
num_features, accuracy%,
5 , 50.95
10 , 52.61
15 , 50.71
20 , 50.47
25 , 49.05
30 , 52.37
35 , 54.50
40 , 54.74
45 , 54.74
50 , 54.74
55 , 54.74
60 , 59.24
65 , 55.45
70 , 57.35
75 , 56.16
80 , 56.87
85 , 58.29
90 , 56.87
95 , 58.77
100 , 58.77

============= Learning Curve ===================
Evaluating Best Western Hotels: Bath or room?
num_features, accuracy%,
5 , 83.62
10 , 90.40
15 , 87.57
20 , 84.18
25 , 82.20
30 , 81.92
35 , 79.94
40 , 80.51
45 , 81.64
50 , 82.49
55 , 81.36
60 , 81.07
65 , 79.38
70 , 79.10
75 , 76.55
80 , 77.12
85 , 76.84
90 , 76.55
95 , 77.12
100 , 76.84

============= Learning Curve ===================
Evaluating Battery life: Which device?
num_features, accuracy%,
5 , 53.05
10 , 53.25
15 , 50.61
20 , 54.07
25 , 53.66
30 , 51.22
35 , 51.42
40 , 57.32
45 , 57.32
50 , 59.15
55 , 60.98
60 , 62.80
65 , 64.02
70 , 63.41
75 , 65.45
80 , 63.62
85 , 60.57
90 , 63.21
95 , 63.21
100 , 64.43

============= Learning Curve ===================
Evaluating Windows 7: Features or speed?
num_features, accuracy%,
5 , 95.70
10 , 94.09
15 , 90.86
20 , 81.18
25 , 80.11
30 , 80.65
35 , 79.03
40 , 77.96
45 , 74.73
50 , 73.12
55 , 75.81
60 , 75.27
65 , 74.19
70 , 70.97
75 , 68.82
80 , 70.43
85 , 69.89
90 , 69.35
95 , 68.82
100 , 72.58

#####################################


============= Learning Curve ===================
Evaluating iPod Nano: Which aspect?
num_features, accuracy%,
1 , 32.73
2 , 28.44
3 , 47.63
4 , 62.53
5 , 61.85
6 , 64.11
7 , 72.46
8 , 80.36
9 , 79.91
10 , 78.78
11 , 78.33
12 , 78.10
13 , 76.52
14 , 74.94
15 , 73.59
16 , 72.23
17 , 72.69
18 , 71.33
19 , 71.56
20 , 71.56

============= Learning Curve ===================
Evaluating Hotels: San Francisco or Chicago?
num_features, accuracy%,
1 , 62.80
2 , 46.21
3 , 54.03
4 , 53.32
5 , 50.95
6 , 50.95
7 , 49.29
8 , 48.58
9 , 47.39
10 , 52.61
11 , 55.21
12 , 52.61
13 , 52.61
14 , 52.37
15 , 50.71
16 , 49.76
17 , 52.13
18 , 51.18
19 , 50.95
20 , 50.47

============= Learning Curve ===================
Evaluating Best Western Hotels: Bath or room?
num_features, accuracy%,
1 , 70.62
2 , 92.09
3 , 90.11
4 , 88.70
5 , 83.62
6 , 81.36
7 , 81.07
8 , 83.33
9 , 89.55
10 , 90.40
11 , 90.11
12 , 89.55
13 , 88.70
14 , 87.29
15 , 87.57
16 , 87.29
17 , 87.29
18 , 87.29
19 , 85.03
20 , 84.18

============= Learning Curve ===================
Evaluating Battery life: Which device?
num_features, accuracy%,
1 , 67.48
2 , 56.71
3 , 54.07
4 , 52.44
5 , 53.05
6 , 55.69
7 , 54.88
8 , 52.85
9 , 51.83
10 , 53.25
11 , 53.46
12 , 52.64
13 , 51.83
14 , 50.81
15 , 50.61
16 , 50.61
17 , 51.42
18 , 51.63
19 , 52.44
20 , 54.07

============= Learning Curve ===================
Evaluating Windows 7: Features or speed?
num_features, accuracy%,
1 , 56.99
2 , 62.37
3 , 68.82
4 , 98.39
5 , 95.70
6 , 93.55
7 , 95.70
8 , 94.09
9 , 94.62
10 , 94.09
11 , 93.55
12 , 94.62
13 , 94.62
14 , 89.78
15 , 90.86
16 , 87.63
17 , 86.56
18 , 85.48
19 , 82.26
20 , 81.18
