
============= Learning Curve ===================
Evaluating iPod Nano: Which aspect?
num_features, accuracy%,
5 , 67.95
10 , 79.68
15 , 73.36
20 , 72.69
25 , 71.11
30 , 63.88
35 , 60.50
40 , 59.37
45 , 57.11
50 , 56.88
55 , 56.66
60 , 55.98
65 , 53.72
70 , 53.50
75 , 54.18
80 , 55.53
85 , 55.76
90 , 55.30
95 , 53.72
100 , 51.69

============= Learning Curve ===================
Evaluating Hotels: San Francisco or Chicago?
num_features, accuracy%,
5 , 50.95
10 , 51.18
15 , 52.61
20 , 54.03
25 , 55.21
30 , 55.69
35 , 57.35
40 , 59.48
45 , 60.43
50 , 58.29
55 , 60.90
60 , 59.72
65 , 61.85
70 , 61.37
75 , 61.61
80 , 60.43
85 , 60.19
90 , 59.72
95 , 60.19
100 , 60.43

============= Learning Curve ===================
Evaluating Best Western Hotels: Bath or room?
num_features, accuracy%,
5 , 75.99
10 , 92.37
15 , 88.70
20 , 85.31
25 , 82.49
30 , 80.51
35 , 77.97
40 , 77.97
45 , 79.10
50 , 79.10
55 , 77.12
60 , 76.27
65 , 77.12
70 , 79.10
75 , 77.97
80 , 76.84
85 , 75.71
90 , 75.71
95 , 74.29
100 , 74.86

============= Learning Curve ===================
Evaluating Battery life: Which device?
num_features, accuracy%,
5 , 53.05
10 , 52.64
15 , 55.89
20 , 55.89
25 , 53.86
30 , 52.44
35 , 52.03
40 , 53.86
45 , 56.91
50 , 59.55
55 , 60.57
60 , 61.79
65 , 61.99
70 , 60.98
75 , 63.62
80 , 63.21
85 , 60.98
90 , 60.57
95 , 61.59
100 , 61.99

============= Learning Curve ===================
Evaluating Windows 7: Features or speed?
num_features, accuracy%,
5 , 94.09
10 , 93.55
15 , 90.32
20 , 80.65
25 , 80.65
30 , 79.03
35 , 75.27
40 , 80.65
45 , 79.03
50 , 79.03
55 , 77.42
60 , 74.73
65 , 70.97
70 , 69.89
75 , 73.66
80 , 74.73
85 , 72.04
90 , 71.51
95 , 69.89
100 , 70.43

#####################################


============= Learning Curve ===================
Evaluating iPod Nano: Which aspect?
num_features, accuracy%,
1 , 32.73
2 , 54.63
3 , 52.37
4 , 68.85
5 , 67.95
6 , 70.20
7 , 79.01
8 , 81.04
9 , 80.59
10 , 79.68
11 , 79.46
12 , 78.78
13 , 77.43
14 , 75.40
15 , 73.36
16 , 72.69
17 , 73.59
18 , 72.46
19 , 72.46
20 , 72.69

============= Learning Curve ===================
Evaluating Hotels: San Francisco or Chicago?
num_features, accuracy%,
1 , 62.80
2 , 46.21
3 , 54.03
4 , 53.32
5 , 50.95
6 , 51.66
7 , 48.58
8 , 47.87
9 , 46.45
10 , 51.18
11 , 53.79
12 , 52.37
13 , 53.32
14 , 53.55
15 , 52.61
16 , 50.47
17 , 51.42
18 , 50.00
19 , 51.18
20 , 54.03

============= Learning Curve ===================
Evaluating Best Western Hotels: Bath or room?
num_features, accuracy%,
1 , 78.25
2 , 78.25
3 , 73.45
4 , 72.88
5 , 75.99
6 , 92.09
7 , 92.37
8 , 91.81
9 , 91.24
10 , 92.37
11 , 92.66
12 , 91.53
13 , 91.53
14 , 89.55
15 , 88.70
16 , 88.14
17 , 87.85
18 , 87.01
19 , 86.72
20 , 85.31

============= Learning Curve ===================
Evaluating Battery life: Which device?
num_features, accuracy%,
1 , 67.48
2 , 56.71
3 , 54.07
4 , 52.44
5 , 53.05
6 , 55.69
7 , 54.88
8 , 54.27
9 , 52.03
10 , 52.64
11 , 52.85
12 , 54.27
13 , 53.86
14 , 52.24
15 , 55.89
16 , 52.03
17 , 51.22
18 , 52.44
19 , 54.88
20 , 55.89

============= Learning Curve ===================
Evaluating Windows 7: Features or speed?
num_features, accuracy%,
1 , 56.99
2 , 62.37
3 , 68.82
4 , 98.39
5 , 94.09
6 , 93.55
7 , 95.16
8 , 93.55
9 , 95.70
10 , 93.55
11 , 92.47
12 , 93.55
13 , 94.09
14 , 88.71
15 , 90.32
16 , 88.17
17 , 86.56
18 , 84.41
19 , 84.41
20 , 80.65
