
============= Learning Curve ===================
Evaluating iPod Nano: Which aspect?
num_features, accuracy%,
5 , 79.68
10 , 74.72
15 , 72.23
20 , 66.59
25 , 63.43
30 , 63.43
35 , 61.40
40 , 60.50
45 , 56.66
50 , 57.34
55 , 57.56
60 , 55.30
65 , 54.18
70 , 53.95
75 , 52.60
80 , 54.18
85 , 53.95
90 , 54.18
95 , 53.72
100 , 51.24

============= Learning Curve ===================
Evaluating Hotels: San Francisco or Chicago?
num_features, accuracy%,
5 , 43.36
10 , 55.92
15 , 62.32
20 , 63.98
25 , 63.03
30 , 60.90
35 , 59.72
40 , 59.24
45 , 60.66
50 , 59.48
55 , 61.14
60 , 61.85
65 , 60.90
70 , 61.14
75 , 60.43
80 , 59.95
85 , 59.48
90 , 61.37
95 , 59.95
100 , 60.90

============= Learning Curve ===================
Evaluating Best Western Hotels: Bath or room?
num_features, accuracy%,
5 , 91.53
10 , 88.70
15 , 84.46
20 , 84.18
25 , 81.07
30 , 82.20
35 , 81.36
40 , 78.25
45 , 77.97
50 , 77.40
55 , 78.25
60 , 75.99
65 , 75.71
70 , 75.71
75 , 75.42
80 , 76.84
85 , 74.86
90 , 73.45
95 , 72.03
100 , 71.75

============= Learning Curve ===================
Evaluating Battery life: Which device?
num_features, accuracy%,
5 , 56.50
10 , 57.32
15 , 56.71
20 , 50.81
25 , 54.47
30 , 57.32
35 , 60.57
40 , 61.79
45 , 62.80
50 , 64.43
55 , 64.43
60 , 60.37
65 , 59.76
70 , 58.54
75 , 58.13
80 , 58.33
85 , 59.15
90 , 60.98
95 , 59.55
100 , 59.96

============= Learning Curve ===================
Evaluating Windows 7: Features or speed?
num_features, accuracy%,
5 , 97.85
10 , 91.94
15 , 89.25
20 , 86.02
25 , 83.87
30 , 81.18
35 , 79.57
40 , 79.57
45 , 75.27
50 , 75.27
55 , 76.88
60 , 74.19
65 , 72.04
70 , 74.73
75 , 72.58
80 , 71.51
85 , 73.12
90 , 71.51
95 , 69.89
100 , 72.58

#####################################


============= Learning Curve ===================
Evaluating iPod Nano: Which aspect?
num_features, accuracy%,
1 , 66.37
2 , 59.37
3 , 56.88
4 , 69.98
5 , 79.68
6 , 79.46
7 , 79.23
8 , 76.98
9 , 75.62
10 , 74.72
11 , 74.27
12 , 75.40
13 , 73.81
14 , 72.69
15 , 72.23
16 , 71.11
17 , 69.30
18 , 68.62
19 , 68.17
20 , 66.59

============= Learning Curve ===================
Evaluating Hotels: San Francisco or Chicago?
num_features, accuracy%,
1 , 62.80
2 , 41.47
3 , 42.89
4 , 44.08
5 , 43.36
6 , 49.53
7 , 53.08
8 , 59.48
9 , 54.74
10 , 55.92
11 , 55.45
12 , 56.16
13 , 58.53
14 , 62.09
15 , 62.32
16 , 63.27
17 , 63.51
18 , 61.61
19 , 61.37
20 , 63.98

============= Learning Curve ===================
Evaluating Best Western Hotels: Bath or room?
num_features, accuracy%,
1 , 77.97
2 , 79.94
3 , 92.09
4 , 91.24
5 , 91.53
6 , 91.53
7 , 91.24
8 , 90.96
9 , 90.11
10 , 88.70
11 , 87.29
12 , 86.72
13 , 86.16
14 , 84.46
15 , 84.46
16 , 83.33
17 , 83.05
18 , 83.62
19 , 83.62
20 , 84.18

============= Learning Curve ===================
Evaluating Battery life: Which device?
num_features, accuracy%,
1 , 67.48
2 , 60.57
3 , 58.13
4 , 56.10
5 , 56.50
6 , 56.50
7 , 56.50
8 , 56.10
9 , 56.91
10 , 57.32
11 , 55.69
12 , 55.69
13 , 56.30
14 , 56.30
15 , 56.71
16 , 54.07
17 , 54.47
18 , 53.46
19 , 52.64
20 , 50.81

============= Learning Curve ===================
Evaluating Windows 7: Features or speed?
num_features, accuracy%,
1 , 66.67
2 , 96.24
3 , 96.77
4 , 97.85
5 , 97.85
6 , 96.24
7 , 95.16
8 , 94.62
9 , 95.70
10 , 91.94
11 , 91.94
12 , 90.86
13 , 89.25
14 , 90.86
15 , 89.25
16 , 88.17
17 , 87.63
18 , 87.10
19 , 86.02
20 , 86.02
