
============= Learning Curve ===================
Evaluating iPod Nano: Which aspect?
num_features, accuracy%,
5 , 83.75
10 , 78.10
15 , 76.30
20 , 73.59
25 , 69.53
30 , 69.07
35 , 65.24
40 , 61.85
45 , 60.72
50 , 61.40
55 , 58.01
60 , 54.85
65 , 54.18
70 , 55.30
75 , 54.18
80 , 55.30
85 , 53.72
90 , 53.05
95 , 53.95
100 , 53.27

============= Learning Curve ===================
Evaluating Hotels: San Francisco or Chicago?
num_features, accuracy%,
5 , 47.63
10 , 57.11
15 , 57.11
20 , 59.48
25 , 57.58
30 , 61.37
35 , 57.35
40 , 56.64
45 , 57.58
50 , 60.90
55 , 62.09
60 , 60.90
65 , 61.61
70 , 58.53
75 , 58.77
80 , 59.24
85 , 56.40
90 , 55.69
95 , 58.29
100 , 58.77

============= Learning Curve ===================
Evaluating Best Western Hotels: Bath or room?
num_features, accuracy%,
5 , 90.96
10 , 89.83
15 , 87.29
20 , 84.75
25 , 81.92
30 , 81.36
35 , 82.49
40 , 79.66
45 , 75.99
50 , 75.71
55 , 75.42
60 , 75.42
65 , 74.58
70 , 74.01
75 , 73.45
80 , 73.45
85 , 74.86
90 , 75.42
95 , 74.29
100 , 72.60

============= Learning Curve ===================
Evaluating Battery life: Which device?
num_features, accuracy%,
5 , 53.25
10 , 55.69
15 , 50.00
20 , 52.85
25 , 51.22
30 , 52.24
35 , 56.10
40 , 60.16
45 , 63.62
50 , 66.67
55 , 67.07
60 , 66.87
65 , 66.87
70 , 65.45
75 , 63.01
80 , 63.41
85 , 59.96
90 , 59.55
95 , 58.13
100 , 58.13

============= Learning Curve ===================
Evaluating Windows 7: Features or speed?
num_features, accuracy%,
5 , 97.31
10 , 95.70
15 , 82.80
20 , 81.72
25 , 75.81
30 , 76.88
35 , 75.81
40 , 74.73
45 , 72.58
50 , 70.97
55 , 73.12
60 , 71.51
65 , 72.58
70 , 73.66
75 , 70.97
80 , 68.28
85 , 69.35
90 , 72.04
95 , 73.66
100 , 74.19

#####################################


============= Learning Curve ===================
Evaluating iPod Nano: Which aspect?
num_features, accuracy%,
1 , 59.37
2 , 73.81
3 , 73.81
4 , 76.98
5 , 83.75
6 , 83.30
7 , 81.94
8 , 81.49
9 , 79.91
10 , 78.10
11 , 77.88
12 , 76.07
13 , 76.07
14 , 75.40
15 , 76.30
16 , 76.07
17 , 76.07
18 , 76.07
19 , 75.40
20 , 73.59

============= Learning Curve ===================
Evaluating Hotels: San Francisco or Chicago?
num_features, accuracy%,
1 , 62.80
2 , 45.73
3 , 46.45
4 , 45.97
5 , 47.63
6 , 47.87
7 , 53.32
8 , 54.50
9 , 59.72
10 , 57.11
11 , 57.11
12 , 56.87
13 , 57.11
14 , 56.64
15 , 57.11
16 , 60.19
17 , 59.72
18 , 59.95
19 , 60.43
20 , 59.48

============= Learning Curve ===================
Evaluating Best Western Hotels: Bath or room?
num_features, accuracy%,
1 , 81.64
2 , 81.36
3 , 92.37
4 , 91.81
5 , 90.96
6 , 91.24
7 , 90.96
8 , 89.83
9 , 89.55
10 , 89.83
11 , 89.55
12 , 88.70
13 , 87.57
14 , 87.29
15 , 87.29
16 , 85.03
17 , 85.59
18 , 83.90
19 , 84.18
20 , 84.75

============= Learning Curve ===================
Evaluating Battery life: Which device?
num_features, accuracy%,
1 , 67.48
2 , 57.11
3 , 56.30
4 , 55.28
5 , 53.25
6 , 52.85
7 , 53.86
8 , 55.28
9 , 55.69
10 , 55.69
11 , 56.71
12 , 57.11
13 , 55.08
14 , 55.28
15 , 50.00
16 , 50.41
17 , 50.61
18 , 52.64
19 , 52.24
20 , 52.85

============= Learning Curve ===================
Evaluating Windows 7: Features or speed?
num_features, accuracy%,
1 , 66.67
2 , 98.39
3 , 95.70
4 , 97.85
5 , 97.31
6 , 95.70
7 , 95.70
8 , 95.70
9 , 94.62
10 , 95.70
11 , 91.40
12 , 89.25
13 , 87.63
14 , 84.95
15 , 82.80
16 , 83.87
17 , 83.33
18 , 84.41
19 , 83.87
20 , 81.72
