
============= Learning Curve ===================
Evaluating iPod Nano: Which aspect?
num_features, accuracy%,
5 , 83.75
10 , 78.10
15 , 76.30
20 , 73.59
25 , 69.53
30 , 69.07
35 , 65.24
40 , 60.72
45 , 60.50
50 , 60.95
55 , 57.79
60 , 54.85
65 , 53.95
70 , 55.30
75 , 53.95
80 , 54.18
85 , 53.72
90 , 53.05
95 , 54.18
100 , 53.27

============= Learning Curve ===================
Evaluating Hotels: San Francisco or Chicago?
num_features, accuracy%,
5 , 47.63
10 , 57.11
15 , 58.77
20 , 56.40
25 , 57.82
30 , 61.37
35 , 58.77
40 , 56.87
45 , 58.06
50 , 61.85
55 , 62.80
60 , 61.61
65 , 63.27
70 , 60.90
75 , 60.66
80 , 59.00
85 , 57.11
90 , 56.64
95 , 58.06
100 , 59.24

============= Learning Curve ===================
Evaluating Best Western Hotels: Bath or room?
num_features, accuracy%,
5 , 90.96
10 , 89.83
15 , 85.88
20 , 84.75
25 , 81.92
30 , 80.79
35 , 81.36
40 , 80.23
45 , 75.71
50 , 76.27
55 , 75.14
60 , 75.71
65 , 74.29
70 , 73.73
75 , 73.16
80 , 72.88
85 , 74.58
90 , 74.86
95 , 73.45
100 , 71.47

============= Learning Curve ===================
Evaluating Battery life: Which device?
num_features, accuracy%,
5 , 53.25
10 , 55.69
15 , 50.00
20 , 52.85
25 , 51.22
30 , 54.67
35 , 55.28
40 , 59.76
45 , 63.82
50 , 68.09
55 , 67.89
60 , 66.67
65 , 67.07
70 , 66.06
75 , 62.40
80 , 63.41
85 , 60.37
90 , 59.76
95 , 59.76
100 , 59.35

============= Learning Curve ===================
Evaluating Windows 7: Features or speed?
num_features, accuracy%,
5 , 97.31
10 , 95.70
15 , 82.80
20 , 81.72
25 , 75.81
30 , 77.42
35 , 76.88
40 , 75.27
45 , 72.58
50 , 70.97
55 , 70.97
60 , 69.89
65 , 71.51
70 , 73.12
75 , 71.51
80 , 68.28
85 , 70.43
90 , 73.12
95 , 74.19
100 , 74.73

#####################################


============= Learning Curve ===================
Evaluating iPod Nano: Which aspect?
num_features, accuracy%,
1 , 59.37
2 , 73.81
3 , 73.81
4 , 76.98
5 , 83.75
6 , 83.30
7 , 81.94
8 , 81.49
9 , 79.91
10 , 78.10
11 , 77.88
12 , 76.07
13 , 76.07
14 , 75.40
15 , 76.30
16 , 76.07
17 , 76.07
18 , 76.07
19 , 75.40
20 , 73.59

============= Learning Curve ===================
Evaluating Hotels: San Francisco or Chicago?
num_features, accuracy%,
1 , 62.80
2 , 45.73
3 , 46.45
4 , 45.97
5 , 47.63
6 , 47.87
7 , 53.32
8 , 54.50
9 , 59.72
10 , 57.11
11 , 56.64
12 , 55.69
13 , 55.21
14 , 56.40
15 , 58.77
16 , 57.82
17 , 57.58
18 , 58.77
19 , 56.64
20 , 56.40

============= Learning Curve ===================
Evaluating Best Western Hotels: Bath or room?
num_features, accuracy%,
1 , 81.64
2 , 81.36
3 , 92.37
4 , 91.81
5 , 90.96
6 , 91.24
7 , 90.96
8 , 89.83
9 , 89.55
10 , 89.83
11 , 89.55
12 , 88.42
13 , 88.14
14 , 87.85
15 , 85.88
16 , 86.16
17 , 84.75
18 , 84.46
19 , 85.03
20 , 84.75

============= Learning Curve ===================
Evaluating Battery life: Which device?
num_features, accuracy%,
1 , 67.48
2 , 57.11
3 , 56.30
4 , 55.28
5 , 53.25
6 , 52.85
7 , 53.86
8 , 55.28
9 , 55.69
10 , 55.69
11 , 56.71
12 , 57.11
13 , 55.08
14 , 55.28
15 , 50.00
16 , 50.41
17 , 50.61
18 , 52.64
19 , 52.24
20 , 52.85

============= Learning Curve ===================
Evaluating Windows 7: Features or speed?
num_features, accuracy%,
1 , 66.67
2 , 98.39
3 , 95.70
4 , 97.85
5 , 97.31
6 , 95.70
7 , 95.70
8 , 95.70
9 , 94.62
10 , 95.70
11 , 91.40
12 , 89.25
13 , 87.63
14 , 84.95
15 , 82.80
16 , 83.87
17 , 83.33
18 , 84.41
19 , 83.87
20 , 81.72
